# Number of parameters = 142  Objective function value = 1015.74  Maximum gradient component = 0.000189063
# log_initN_mult:
 2.27065 -0.512681 0.0254651 -0.329646 0.0296967 -0.894191 -0.550921 2.23529 0.405067
# logit_ySteepness:
1.32256631431
# ln_B0:
5.29831686277
# ln_M:
-1.36835278974
# ln_aSel50:
-0.999999711423
# ln_aSelStep:
-0.999999837442
# ln_aSelS50:
2.60592681722
# ln_aSelSStep:
1.88523644321
# rho:
0.100000000000
# omega:
 0.201885535832 -0.0184470529191 -0.161122608992 -0.0348032686348 2.21223612228 -0.377043472395 -0.725014582642 -0.709007641380 -0.605857810824 -0.364098096414 0.337732724935 0.782706113993 -0.309276731258 1.04897219400 -0.646166090294 1.19658222407 1.23812925472 -1.07646648657 -1.02450846799 0.520538820972 -0.674213429702 -0.604770415357 1.30407251636 -0.668834566542 -0.0627562882996 -0.548723194344 0.117597463522 1.43220812561 1.20358476135 -0.0969019369161 0.470444287275 0.108622000333 1.72355577532 0.910658372474 0.322126585921 -0.339234359472 0.00513906031089 -0.319551144378 0.0313863798038 0.162797557370 0.782216562544 -0.0581527033283 0.278479993692 0.260139713538 1.74443118360 -0.193873074690 -0.195200632612 -0.317029282473 0.0940966259705 0.969217321459 0.0283026488078 -0.333187922788 -0.582369199523 -1.01234077093 -0.880128356894 -1.06788049022 -1.40551646377 -1.14083740003 -1.42214617633 -1.09905677225 0.00000000000 0.00000000000
# mDevs:
 -0.0213849190730 -0.0213868309527 -0.0201011180850 -0.0185537801271 -0.0166789050146 -0.0136847247287 -0.00964572418998 -0.00842417637078 -0.00739967572284 -0.00555010943775 -0.00310159013768 -0.000860312963961 2.48963850100e-05 0.000926960209185 0.00101317921091 -0.000710867832153 -0.00362234209297 -0.00490310439126 -0.00251082426928 -0.000579587080943 0.000321535484132 0.000877318883205 0.000399441607153 0.00127750754980 0.00436296618367 0.00639458640359 0.00849770023766 0.00854282898570 0.00628720337406 0.00333817166821 0.00149695800123 0.000341750653111 -0.00103501125131 -0.00375168855086 -0.00756109995396 -0.0106921878703 -0.0118292268361 -0.0100484822980 -0.00616568178078 -0.00140211280381 0.00324486747905 0.00638260585569 0.00908239427851 0.0126820519974 0.0169341475588 0.0201391421901 0.0231675790031 0.0263996780260 0.0275742502294 0.0289362052187 0.0286821231461 0.0266924127834 0.0226511326225 0.0166125472284 0.0105627791162 0.00406296705323 -0.000954810640187 -0.00365842501802 -0.00606048853101 -0.00744700691411 -0.00863324277260 -0.00851312289030 -0.00533818403990 -0.00195032891305
