## assessCA model data.
## Written: Sat Aug 17 22:11:47 2013 
# nT nAges nProjYrs trendYrs rseed hcrType
57  11  1  5  123  1 
# aMat50    aMat95    Linf    L1    vonK    c1    c2    sigmaL
2 3 89.5 23.2 0.307 7.377e-06 3.0963 0 
# pmSteepness psdSteepness
0.75 0.2 
# pmM psdM
0.4 0.1 
# fixFSel
 1 
# fixSSel
 1 
# nSamples
 100 
# nSamplesS
 100 
# Catch biomass (katch, tonnes)
1.534678 3.152405 5.470803 6.643082 5.052438 3.447828 3.179307 2.534526 4.815186 10.32705 12.42424 10.19346 12.38852 7.311831 4.277266 2.570016 2.217759 2.909573 5.494205 9.502523 9.544933 6.503845 4.228999 6.323536 6.204299 5.205553 3.676454 3.784312 3.942499 2.374368 2.678328 6.772482 10.10995 10.27824 7.011667 7.481588 7.589146 7.358762 3.475322 2.290369 2.882092 1.759803 1.628069 1.583793 1.01148 0.61371 0.4852016 0.429702 0.502283 0.8107887 0.7280838 0.5809199 0.473642 0.5362141 0.6238248 1.126821 1.293974 
# Index series indexType ( 0=abs, 1=rel)
1 
# Index series 
-1 -1 -1 -1 -1 -1 -1 -1 -1 -1 -1 -1 -1 -1 -1 -1 -1 -1 -1 -1 -1 -1 -1 -1 -1 -1 1.447616 1.082948 0.9441403 0.868944 0.8628401 1.023466 1.290617 2.292153 1.238654 1.337193 1.083811 1.607206 0.7276522 1.479983 0.6486586 0.4898365 0.7184852 0.6520155 0.4083842 0.2564646 0.2480672 0.1923114 0.3079194 0.4111617 0.662487 0.4528517 0.2696264 0.2703496 0.5015904 0.7308717 0.4622784 
# Fishery age proportions (nT,nAges)
-1 -1 -1 -1 -1 -1 -1 -1 -1 -1 -1
-1 -1 -1 -1 -1 -1 -1 -1 -1 -1 -1
-1 -1 -1 -1 -1 -1 -1 -1 -1 -1 -1
-1 -1 -1 -1 -1 -1 -1 -1 -1 -1 -1
-1 -1 -1 -1 -1 -1 -1 -1 -1 -1 -1
-1 -1 -1 -1 -1 -1 -1 -1 -1 -1 -1
-1 -1 -1 -1 -1 -1 -1 -1 -1 -1 -1
-1 -1 -1 -1 -1 -1 -1 -1 -1 -1 -1
-1 -1 -1 -1 -1 -1 -1 -1 -1 -1 -1
-1 -1 -1 -1 -1 -1 -1 -1 -1 -1 -1
-1 -1 -1 -1 -1 -1 -1 -1 -1 -1 -1
-1 -1 -1 -1 -1 -1 -1 -1 -1 -1 -1
-1 -1 -1 -1 -1 -1 -1 -1 -1 -1 -1
-1 -1 -1 -1 -1 -1 -1 -1 -1 -1 -1
-1 -1 -1 -1 -1 -1 -1 -1 -1 -1 -1
-1 -1 -1 -1 -1 -1 -1 -1 -1 -1 -1
-1 -1 -1 -1 -1 -1 -1 -1 -1 -1 -1
-1 -1 -1 -1 -1 -1 -1 -1 -1 -1 -1
-1 -1 -1 -1 -1 -1 -1 -1 -1 -1 -1
-1 -1 -1 -1 -1 -1 -1 -1 -1 -1 -1
-1 -1 -1 -1 -1 -1 -1 -1 -1 -1 -1
-1 -1 -1 -1 -1 -1 -1 -1 -1 -1 -1
-1 -1 -1 -1 -1 -1 -1 -1 -1 -1 -1
-1 -1 -1 -1 -1 -1 -1 -1 -1 -1 -1
-1 -1 -1 -1 -1 -1 -1 -1 -1 -1 -1
-1 -1 -1 -1 -1 -1 -1 -1 -1 -1 -1
-1 -1 -1 -1 -1 -1 -1 -1 -1 -1 -1
-1 -1 -1 -1 -1 -1 -1 -1 -1 -1 -1
-1 -1 -1 -1 -1 -1 -1 -1 -1 -1 -1
0.0187677888984493 0.0365692601554337 0.0684462588327745 0.51651045046124 0.172894121393332 0.0425554030561301 0.119967796640977 0.00873215329685895 0.0126052629108998 0.00142032861649724 0.00153117573740732
0.144502933627264 0.109053134005692 0.0545625957444352 0.130542841771027 0.354292680874551 0.0868065806764923 0.0321726648144984 0.0735488283315396 0.00584805660650553 0.00678047220290136 0.00188921134509365
0.0336881451142589 0.599148403367752 0.125191415975266 0.0299530651243456 0.0291515558961327 0.131721174062581 0.021851216253569 0.00866569204837119 0.0175252318084535 0.00135343892997141 0.00175066141929738
0.00155784779802402 0.187799054725385 0.609485628243788 0.0921285993754609 0.0168433117530203 0.0196786902612353 0.0498629398037294 0.0121702735950437 0.00323847490255453 0.00593730243536732 0.00129787710639093
0.00235032721878408 0.0111694497831181 0.289812054089377 0.618701846572547 0.0414565711495045 0.00557352682267883 0.00675234695638494 0.0169552785007306 0.0041459136368311 0.00103667496626147 0.00204601030378177
0.0363836317584319 0.0222955935247419 0.0207779688320254 0.425922524493601 0.437246781722236 0.0343670432409308 0.00494943390958518 0.00385942391961285 0.010333929003068 0.00187047441787937 0.00199319517788735
0.0578229718203566 0.23129743769318 0.0536035391525451 0.0351333646251958 0.276238049487463 0.316950556771066 0.0159777875395779 0.00274206188471426 0.00193190638478708 0.00559684849796362 0.00270547614315119
0.0250914651686426 0.436616152771686 0.255350552281967 0.0351241160121177 0.0188654522610227 0.0889353737514732 0.128554249849335 0.00626106950989154 0.000997646458744831 0.00120279048388339 0.003001131451236
0.00380167053992762 0.0993532306703558 0.488298152320611 0.276245079213148 0.0147675294834036 0.00559935893895049 0.0511676452011111 0.0571907810091305 0.00228692232691195 0.000262423163214626 0.0010272071332354
0.0051226619456618 0.0270880639306277 0.181626956871631 0.595623883233579 0.128497994021595 0.0140486507335529 0.00301183335514373 0.0267517425728941 0.016235118710932 0.0011157825184803 0.000877312105902525
0.0202667191597346 0.064524089945003 0.0494119321716729 0.273808456140953 0.410096713677413 0.148765665673823 0.00673705986323712 0.00341071701007104 0.0122136219808898 0.00973382030506594 0.0010312040721368
0.00353321189506903 0.112784642884739 0.208378889820228 0.100138309836553 0.25397957993932 0.226007696497451 0.0712003595275111 0.00446092358141842 0.00131207267425192 0.00943178580192683 0.00877252754153246
0.0269739015497266 0.0240170982865582 0.273206276351845 0.239408227466973 0.0657052205135883 0.12007546121832 0.171095945935649 0.0657616075048993 0.00219956345235797 0.000889112643518399 0.0106675850765646
0.00223296035902281 0.259592015256458 0.069145729610507 0.328086625583173 0.0920748377902765 0.0348696237682845 0.10542724744412 0.0781946443166462 0.0253683906700597 0.000943597785735738 0.00406432741571741
0.00457786884407235 0.0135704918553815 0.484576630956476 0.0625214666557098 0.203694460421937 0.0911226639796025 0.0160425054391771 0.0585051757500201 0.0459769528730408 0.0158111571956327 0.00360062602895005
0.00831035821549836 0.0382530228273635 0.0423318119127029 0.577213177029679 0.0464011049768785 0.175130943071615 0.0483364589988292 0.00946984556544907 0.0181336660277866 0.0231360372355896 0.0132835741386089
0.00206222871997218 0.0604704344050297 0.150419285138615 0.0375987936793409 0.534044964699851 0.0274097142453944 0.0980475954028161 0.0393786342871674 0.0095974989532522 0.0210411374755188 0.0199297129930427
0.0538252993883715 0.0121245162691849 0.186910541467561 0.103569461785013 0.0286314397693377 0.441101659907828 0.0254249830073612 0.0895883581989473 0.0177793989676824 0.00843764032449384 0.0326067009142189
0.0345095016405105 0.284999868881257 0.0324366031248155 0.23162770350066 0.0726912720096092 0.0300140698959668 0.231302739388055 0.0147132147136689 0.0392170314808942 0.0114167699343956 0.0170712254301678
0.0249117348812638 0.259782897063203 0.401490562482841 0.0167585731895322 0.0733421333631114 0.0525631705340645 0.010880231334593 0.130403928532698 0.00589116364124962 0.0131471746424259 0.010828430335017
0.025881113322964 0.11150435405115 0.470317418435102 0.284139986466707 0.0100842607465024 0.0330880015902716 0.0166709558628332 0.00473758217721921 0.0309432944045747 0.00178351364885153 0.0108495192938242
0.00203275154984022 0.116867674437387 0.189593794152845 0.341129328824446 0.276813023340133 0.00619689334166489 0.0220776021471672 0.00991714862629375 0.001803724668695 0.026191018265519 0.00737704064600939
0.00120909744615197 0.0189473577620834 0.41214818250915 0.176521809187795 0.24796330890036 0.114066599688704 0.00324410928730508 0.00794633124916619 0.00384899116184601 0.00101154086705787 0.0130926719403808
0.0267771126203928 0.0107699901460358 0.0568193064868495 0.445407118209863 0.167272764573614 0.182343042327972 0.0828908416841134 0.00270550529520489 0.0102051769355871 0.0027009807321588 0.0121081609882096
0.069162825966332 0.112315008512443 0.0222005495747084 0.0433074646343075 0.379997761536649 0.173402379345809 0.14334407425947 0.043260647830107 0.00123754084949902 0.00537299782495896 0.00639874966571572
0.0337769881161135 0.277660003675011 0.302983446648306 0.0142412009895586 0.0166494863210819 0.219826137390823 0.0666231566457939 0.0441613747722484 0.020304350616542 0.000413245129064615 0.00336060969545764
0.00150542091317681 0.245101598885298 0.455949011589645 0.150455020494397 0.0108814583609136 0.0142311473042277 0.060687070603985 0.0273528791528177 0.0222046641012218 0.00972469649635608 0.00190703209796129
0.00310580733074613 0.00795580459170653 0.386351421442134 0.386517277674763 0.137938993565742 0.00431812782823608 0.00739436523633933 0.0348259332900595 0.0102976291984004 0.0162222628138409 0.00507237702803262
# Survey age proportions (nT,nAges)
-1 -1 -1 -1 -1 -1 -1 -1 -1 -1 -1
-1 -1 -1 -1 -1 -1 -1 -1 -1 -1 -1
-1 -1 -1 -1 -1 -1 -1 -1 -1 -1 -1
-1 -1 -1 -1 -1 -1 -1 -1 -1 -1 -1
-1 -1 -1 -1 -1 -1 -1 -1 -1 -1 -1
-1 -1 -1 -1 -1 -1 -1 -1 -1 -1 -1
-1 -1 -1 -1 -1 -1 -1 -1 -1 -1 -1
-1 -1 -1 -1 -1 -1 -1 -1 -1 -1 -1
-1 -1 -1 -1 -1 -1 -1 -1 -1 -1 -1
-1 -1 -1 -1 -1 -1 -1 -1 -1 -1 -1
-1 -1 -1 -1 -1 -1 -1 -1 -1 -1 -1
-1 -1 -1 -1 -1 -1 -1 -1 -1 -1 -1
-1 -1 -1 -1 -1 -1 -1 -1 -1 -1 -1
-1 -1 -1 -1 -1 -1 -1 -1 -1 -1 -1
-1 -1 -1 -1 -1 -1 -1 -1 -1 -1 -1
-1 -1 -1 -1 -1 -1 -1 -1 -1 -1 -1
-1 -1 -1 -1 -1 -1 -1 -1 -1 -1 -1
-1 -1 -1 -1 -1 -1 -1 -1 -1 -1 -1
-1 -1 -1 -1 -1 -1 -1 -1 -1 -1 -1
-1 -1 -1 -1 -1 -1 -1 -1 -1 -1 -1
-1 -1 -1 -1 -1 -1 -1 -1 -1 -1 -1
-1 -1 -1 -1 -1 -1 -1 -1 -1 -1 -1
-1 -1 -1 -1 -1 -1 -1 -1 -1 -1 -1
-1 -1 -1 -1 -1 -1 -1 -1 -1 -1 -1
-1 -1 -1 -1 -1 -1 -1 -1 -1 -1 -1
-1 -1 -1 -1 -1 -1 -1 -1 -1 -1 -1
0.0385525415653805 0.162495779379976 0.1575976967807 0.485046530879389 0.0439788553053046 0.0779824036125962 0.0214621191853039 0.002640180763638 0.00471023810647455 0.00352516600693893 0.0020084884142976
0.00503299792114539 0.380787195051663 0.188080992465768 0.121125023388672 0.215934620159866 0.0386482772509895 0.0362024124769697 0.00606580278743081 0.00157928186368009 0.00407851615869329 0.00246488047512153
0.00224520110871823 0.0576482718755139 0.425174103054044 0.217703247895591 0.0767551376975963 0.184274109266946 0.0141768824881359 0.0136212320237496 0.00402584886888669 0.000702035294058162 0.00367393042675994
0.0119775886752034 0.0349630124928077 0.123451151910111 0.508776412145562 0.128451449697031 0.05896415763904 0.100257770907764 0.016434583849338 0.0118583068398699 0.00178643391254697 0.00307913193072615
0.127358296162411 0.21242914118611 0.0920649816836938 0.105174016178352 0.249827757735523 0.0921412394068663 0.0540242955863491 0.0529207354297998 0.00656055616152087 0.00593139097712131 0.00156758949225211
0.0167432629934756 0.680402462995525 0.11954397880235 0.0340554339732795 0.0335873319397013 0.0763344880787691 0.0183060934731332 0.00630025087044302 0.0120582831241432 0.00100500108966174 0.00166341265951874
0.00141097227515109 0.22157462596158 0.622968046086815 0.0810452136949653 0.0157286143372664 0.0108479619365333 0.0313304041556635 0.00763678013173728 0.00182845507625816 0.0047265019254519 0.000902424418577918
0.00172479271892633 0.0232357043997251 0.360718656917028 0.523595738079367 0.0498695791313088 0.00799096433084569 0.00633419783710818 0.0181860045893116 0.0039040299702315 0.00156555227131643 0.0028747797548316
0.0338773565638778 0.0486357582141541 0.0419841874211503 0.40292001328567 0.415271574475366 0.030789014253197 0.00521161832949788 0.004948594651941 0.0118854309195034 0.00210784305228 0.0023686088333622
0.0344924368790595 0.335799428360621 0.0617016535293472 0.0292334233149021 0.258489365767123 0.255495793558897 0.0137360882709782 0.0022686588175384 0.00183997282120432 0.00381233784506409 0.0031308408352644
0.00565699166006996 0.379689316360139 0.407942329326276 0.017002168509779 0.00951035741566438 0.0956382117411903 0.0732699806237755 0.00809704614032147 0.00059012168566639 0.000493049768273846 0.0021104267688449
0.00236692429661947 0.166111327121531 0.47911819568958 0.254017157423369 0.0145909050655819 0.0058940328389852 0.0301197161477708 0.0441874286859687 0.0022256139594327 0.000236860670951936 0.00113183810020924
0.00433800002442564 0.0387301376853503 0.222559406215123 0.465478462202772 0.221775482422439 0.00630746935263285 0.00385145578546832 0.0211927154941635 0.0135888159409851 0.0013443461103353 0.000833708766304245
0.0145966856765132 0.0790640148714178 0.0919555701670577 0.232079333823286 0.443675413265097 0.109606428107923 0.00569469791204213 0.00169829972242462 0.0097549973982504 0.0113999760745115 0.000474582981476589
0.00232700435731716 0.130366901274922 0.14164791017884 0.0890073448231246 0.274600620144697 0.275853878799348 0.0679891679850298 0.00314536342294656 0.00148093286485635 0.00471363462104306 0.00886724152787598
0.0249464065826314 0.0481922071227837 0.400411440227512 0.196215036326051 0.0769553492225933 0.104031633960498 0.0947165790565919 0.0460581919722573 0.00179155049438663 0.000709423245028111 0.00597218178966753
0.00126802726484375 0.413342297036001 0.0546897842210292 0.27478529668899 0.0693316522542032 0.0376121548138208 0.0746550535167392 0.0560518317192081 0.0148014325005849 0.000722147572131502 0.00274032241244816
0.00361910924369392 0.0209893070484683 0.598211704383624 0.0374083151802124 0.177353348554219 0.0707071532017193 0.0126968059914547 0.0424595842404851 0.0243016947609534 0.0101092010743527 0.00214377632081741
0.00635364335551827 0.0349244660109288 0.0410077303382988 0.688561934829317 0.0416921430536253 0.0928567386427923 0.0362674762927212 0.0106894109330848 0.0206174562037085 0.0171826834257996 0.00984631691420516
0.00106204150257644 0.129476730229278 0.0715085277037689 0.0406418616426523 0.569968757561497 0.038975548272996 0.0762678797107444 0.031053773748924 0.00793759117818058 0.0168622012397096 0.0162450872096735
0.0403355099877444 0.0240520980278602 0.284680365817848 0.117220013909724 0.0437227094419969 0.345461819161783 0.0293831470692479 0.052867887448783 0.0239983280257797 0.00658006747711139 0.0316980536321216
0.045460397397214 0.382552536656387 0.0248359074995164 0.161687305311785 0.069629618437622 0.0218695280926453 0.222601603212985 0.017808727863306 0.0278132746033366 0.0116153706648821 0.0141257302603208
0.0111009215300745 0.399557178509762 0.306527320205081 0.0202934195589458 0.0869540452995248 0.0397495848230659 0.011377813595338 0.0998539880339118 0.00389833687515324 0.0130125458026548 0.00767484576648849
0.0210966546439353 0.14587404407619 0.441123855479153 0.257181546998211 0.00863186232941056 0.0457923315633417 0.0185733832705552 0.0055034893186092 0.0431174388640721 0.00253743938279698 0.0105679540737252
0.00161221556591049 0.264422287091277 0.179236678917303 0.337528606441203 0.159858046701449 0.00423635729537975 0.0225954954371875 0.00751219896855903 0.00165608156345785 0.0173905665239955 0.00395146549427806
0.000811051708668597 0.0356675241841566 0.355518830052783 0.202429609685811 0.220349922980901 0.150743832330462 0.00283818503733981 0.0101496214707438 0.00380394682040274 0.00110860760774057 0.0165788681209912
0.0147037014011181 0.0181482971266662 0.0487842108640057 0.430222222622159 0.179940981041654 0.200221342432839 0.0805551814037004 0.00328534371573104 0.00948155320975144 0.00433492769868784 0.0103222384836879
0.0499288037400256 0.257637302254992 0.028601885475701 0.0620742161809935 0.252840506875569 0.137795831797517 0.161809494691241 0.0386211537651459 0.00104285755139949 0.00332740794347511 0.00632053972393996
0.0272134205321107 0.47352729673652 0.261421563592505 0.0174460697347283 0.0169312833784295 0.106314381157335 0.0393311421748975 0.0452753532429512 0.00851935081610976 0.000363214105644729 0.00365692452876799
0.000740499726485952 0.241763500967557 0.481473463238962 0.167144534377649 0.00737115144800256 0.0114105344088086 0.0540863075519722 0.0113558807050507 0.0170690472354919 0.00602191621086984 0.00156316412915031
0.00286290070511541 0.0152181398131228 0.405348097144723 0.385092469843945 0.0961840395868449 0.00517140678179754 0.00735264052863387 0.0529063927870518 0.0112629678547368 0.0128799515395684 0.00572099341446112
# nQlevels 
10 
# Qlevel 
0 0.3440784 0.6881567 1.032235 1.376313 1.720392 2.06447 2.408549 2.752627 3.096705 
