# Number of parameters = 72  Objective function value = 117.818  Maximum gradient component = 2.49335e-005
# lnMsy:
1.92396811851
# lnFmsy:
-0.678620761566
# pmMsy:
6.00000000000
# psdMsy:
0.500000000000
# pmFmsy:
0.700000000000
# psdFmsy:
0.0700000000000
# rho:
0.750000000000
# lnOmega:
 0.856543330614 0.516176327555 0.436855424102 0.455548249265 -1.23658569167 -1.36234158655 -0.986213850189 -1.37635826376 -0.929594580282 -1.50113999538 -1.16719075249 -1.50311597146 -1.37173268657 -0.993477431723 -0.953530833033 -0.800635393351 -0.672507065073 1.45305166399 0.581853656893 0.358207821426 0.180344252762 0.224409705147 0.365685650601 0.313989912593 0.460608868411 0.348926426311 0.216903640474 0.0665843708164 0.236834433261 0.144150081096 0.240728667575 0.242366334628 0.281966499063 0.295061703309 -0.0205427337155 0.116063397621 0.218985001951 0.382295113949 0.226695615709 0.210571021339 0.256745356902 0.330879538375 0.509572427090 0.273310482905 0.275659646831 0.191009088216 0.364183871656 0.328181292777 0.347378894944 0.220290696791 0.0961862265993 0.188165454924 0.0775890278420 0.170884510489 -0.184851626060 -0.174080529753 -0.241558056191 -0.137889751804 0.0831576835677 0.123184946908 -0.0667590026340 0.114169789904 0.165697020446 0.303199456396 0.231251677449 0.206688414227 0.219067951622 0.362539309151 0.370944511259 0.438761353956
