##  assessSP : Surplus production model data.
## Written: Sat Sep 14 07:40:27 2013 
# nT nIndices 
72 1 
# nProjYears 
1 
# trendYears 
5 
# rSeed 
123 
# ruleType 
2 
# nQlevels 
1 
# Qlevel 
0 
# Catch biomass (katch, tonnes)
16.33074 14.24265 0.3690879 11.17091 9.249356 42.08923 16.69965 6.746965 19.5084 5.072617 30.35917 10.28499 28.67114 22.67063 11.18394 11.87444 4.222716 1.795638 0 0.1779143 2.445097 6.389638 5.057414 6.816128 7.033512 12.32318 11.29472 13.33584 0 0.256876 1.237072 4.484767 5.174495 6.764597 3.728645 2.230382 2.003288 1.814811 6.664227 8.865536 7.027558 4.675265 7.993515 12.26493 11.22207 4.072381 2.230266 5.954238 6.936612 7.526883 6.683139 2.854319 1.649897 2.032401 2.511543 2.386222 0.3320489 0 0 0 0 0 0 6.145988 6.646835 5.899462 7.606891 3.42356 7.428232 8.293884 9.479421 3.147233 
# Index series indexType: 0=abs, 1=rel)
0 
# First year for each index (fYear)
1 
# Last year for each index (lYear)
72 
# Index series (possibly a matrix)
43.73476 28.91097 23.17531 34.6752 38.67538 77.92434 38.20758 68.97346 58.37591 50.30115 95.2806 43.48349 69.25911 51.43995 36.97247 15.62532 9.55115 23.82848 36.33829 46.83106 23.40137 44.98016 30.08443 46.93233 95.18688 64.39626 56.33701 38.2465 25.48167 23.05527 75.20095 40.23583 58.14648 54.09371 55.31111 62.07345 18.60069 35.9819 93.59296 90.8344 32.69527 33.94714 63.93198 57.5017 82.94409 29.89936 60.4785 65.14824 105.3901 68.89681 72.1361 42.58448 31.00964 49.67487 29.16996 37.576 13.3326 14.92865 10.72761 12.47509 33.44047 35.33013 17.44961 43.1281 29.07837 61.22911 46.64577 34.77513 62.43958 82.68367 75.45628 89.85862 
