# Number of parameters = 143  Objective function value = -310.934  Maximum gradient component = 2.50068e-005
# logit_ySteepness:
1.15878085676
# ln_B0:
3.74502945965
# ln_M:
-0.693147166487
# rho:
0.330000000000
# omega:
 0.219470512656 0.140769464034 0.109664605029 0.0683525761371 0.0578483001817 0.0562721188436 0.105317046676 0.106062812015 0.0213427007169 0.0693854594692 -0.00295502908082 0.0256645829679 -0.00418447488185 0.0262778371001 0.0207284802599 0.00537667924768 0.153611238643 -0.366740784013 0.112336535213 -0.0409531105715 -0.0589550971162 0.135595009794 -0.0301786965996 0.0109360922491 -0.118992524725 0.0490627595677 0.0979804230330 -0.105828447886 0.0161556630590 0.0438789280457 0.0508299262489 0.00335227611524 -0.0766562669250 0.147168276067 -0.0421764526597 -0.0382565785407 0.116494659449 0.0466681579472 0.0382921951147 0.119328402960 -0.00807967646580 -0.150209808266 0.0490795598563 0.0950761703032 -0.0415565651393 0.0244612020758 0.0261093185097 -0.103391392404 0.128976923947 -0.0614668466961 0.0748268126239 -0.107104216504 -0.0663291239564 -0.0156717767220 -0.0808446072327 0.0247796370664 -0.00255666531088 0.122022824934 -0.0443574004918 -0.143550464008 -0.0829476315445 -0.208182513134 0.0611260363330 0.0774666211676 -0.0343605342348 -0.170632499788 0.103677373533 0.0836363275678 -0.232134563572 0.0405069452373 0.269675076714
# ln_Ft:
 -2.64198519251 -2.01699458345 -1.66747383898 -1.42413186522 -1.23998844217 -1.09825510917 -1.00414713665 -0.945409160286 -0.881743032256 -0.838132965789 -0.788663644952 -0.751325261825 -0.716471773582 -0.699486098480 -0.693215387709 -0.687098887884 -0.751863881376 -0.645026154970 -0.654940476075 -0.661787765996 -0.643520004974 -0.715737392939 -0.743434182904 -0.763985651432 -0.737379078545 -0.763998988943 -0.836842876244 -0.836405210328 -0.851502610437 -0.893637305272 -0.942477836126 -0.971802819977 -0.963722144311 -1.02534695640 -1.04590682058 -1.03758774379 -1.07797767534 -1.10976385600 -1.12238669492 -1.15138942186 -1.14183947060 -1.06525721296 -1.02270830400 -1.01755605157 -0.969030318801 -0.915411981384 -0.863922522246 -0.761791166815 -0.727674204723 -0.647103044767 -0.594177766116 -0.478801332316 -0.346020292947 -0.239822217225 -0.0979683886835 -0.0126520105266 0.0737102817284 0.0384320020267 0.101721615234 0.271261183021 0.406089343885 0.747688081095 -1.38955539808 -1.23873733495 -1.29404103629 -1.37891937820 -1.23156412342 -1.19752096381 -1.28919262467
