## assessDD model data
## Written: Tue Oct 01 19:32:52 2013 
# nT nProjYrs trendYrs rseed hcrType
72  1  5  123  2 
# Linf    L1    vonK    c1    c2    sigmaL   tau
30 10 0.2 4.3e-06 3.232 1e-04 
# kAge - knife edge age at recruitment
2 
# alpha_g rho_g wk
1.4054 0.8376 0.82775 
# pmSteepness psdSteepness
 0.8 0.05 
# pmM psdM
 0.5 0.05 
# Catch biomass (katch, tonnes)
0 2.372221 4.20838 5.395655 6.017731 6.243106 6.235335 6.113351 5.948705 5.777794 5.61641 5.470078 5.34026 5.225938 5.125682 5.038039 4.961133 4.893568 4.83447 4.782526 4.736639 4.695952 4.659827 4.627421 4.598312 4.572061 4.548012 4.525741 4.504967 4.485705 4.467707 4.451163 4.436502 4.424392 4.416211 4.412817 4.415075 4.424651 4.443136 4.471815 4.511821 4.56391 4.628557 4.705319 4.792966 4.889253 4.990863 5.093476 5.192019 5.280899 5.354887 5.408861 5.438153 5.439526 5.411249 5.352987 5.265542 5.151032 5.012536 4.852924 4.675812 4.485252 4.284639 0 0 3.224635 3.718702 3.718702 3.718702 4.203616 4.28245 4.28245 
# Index series indexType ( 0=abs, 1=rel)
0 
# Index series 
50.27441 50.27493 47.34008 42.99845 38.01222 34.00864 29.34143 26.54765 24.06967 22.23125 20.65349 18.59853 17.93289 17.35805 16.71687 15.75729 15.41244 15.22656 14.9661 15.06601 14.60419 14.94152 14.82928 15.03375 14.98472 15.23253 15.3018 15.44447 15.90736 16.0574 16.57381 16.56603 17.06988 17.37745 17.5412 18.512 18.73178 18.57234 19.20307 19.23495 19.92267 19.91738 19.80245 20.12932 20.13026 19.76978 19.18777 18.87586 18.47235 17.57484 16.81692 16.09076 15.29375 14.59422 13.50436 12.64734 11.35873 10.44809 9.863849 8.823478 7.896096 7.384551 6.652356 5.829377 11.54993 17.38797 18.9363 20.29759 21.45709 22.78166 22.78848 23.68453 
# sigmaC
0.1 
# Initialize at unfished (1=TRUE, 0=FALSE)
0 
# nQlevels 
1 
# Qlevel 
0 
