## Retrospective population estimates 
## Written at:  Wed Dec 05 12:24:12 2012 
# retroPt 
3.80080450126626 3.86011115776299 3.94693669707851 3.85582118691655 3.93679555311331 3.95835294779544 3.97315069915902 3.96891666417981 3.98009176140894 3.99753967606639 3.99270673911693 4.02920496751728 4.04617115597233 4.06606026072946 4.05846210828418 4.10850063668887 4.11219135060355
3.71296604552441 3.77269634184399 3.85978840896023 3.76852782462044 3.84967817258439 3.87143331258918 3.8853397621704 3.88110933701449 3.89237399406488 3.90973867859373 3.9049660424415 3.94183529068848 3.95877040869099 3.97855622414451 3.97122988902067 4.02130301531652 4.02529818444374
3.59499128195543 3.65808841988873 3.7465510692602 3.65450564639046 3.73663295399189 3.75968056015661 3.77328848678377 3.76909658113247 3.78068869775511 3.79870788266934 3.79398638739297 3.83203363442075 3.84939200070599 3.86923091030313 3.86207927010492 3.91297577575704 3.9172881945413
3.51286038683106 3.5837428160939 3.67455794203074 3.58287810688622 3.66686955755105 3.69259624712505 3.71062549148629 3.70706885091631 3.71952805016169 3.73990302716527 3.73496913740389 3.77397169353109 3.79294391763647 3.81337469013742 3.80532595044103 3.85835817392746 3.86194343356019
3.43740323060253 3.51168027714811 3.60319889802431 3.51608809879928 3.60127186501684 3.62782418745363 3.65303949814729 3.64983640714369 3.66323101093159 3.68579711473215 3.68059088280422 3.71776200292043 3.73750433698044 3.7579329074535 3.74884602161052 3.80201013219022 3.80472128502027
3.32281493856631 3.39169723940571 3.48206704025598 3.40111390299026 3.48687656518099 3.51121514745598 3.54336959912827 3.53889427905634 3.55222320629502 3.5756446451493 3.57031670119537 3.60343805717759 3.62190498100993 3.64144041363135 3.63177835603926 3.68192571304902 3.68414502241555
3.22455576784231 3.29217244942082 3.38335625050827 3.30737853576386 3.39500302913804 3.41797598226808 3.45844038586098 3.45307498676355 3.46656759330436 3.49187954237899 3.48635269889323 3.51617433731839 3.53398038110048 3.55323501953008 3.54233289259886 3.59037418981838 3.59119398957554
3.18122438497454 3.25909950322756 3.35422545723052 3.28464407868927 3.37562743898384 3.3994284631315 3.44918519480497 3.44509861617682 3.4606629071307 3.48976913101953 3.48395536196831 3.51134033303706 3.53002477843121 3.54966173960324 3.53703450845405 3.58478338267899 3.583515513416
3.12561790470508 3.2189688044635 3.31835280720879 3.25877661457081 3.35333548842397 3.37753806894849 3.43449214590854 3.43242621225345 3.45145061454604 3.48437628968699 3.47849502108573 3.50253339550961 3.52158695561149 3.54095419796601 3.52744883875835 3.57382085595087 3.57143090649614
2.97023927924647 3.07853188302643 3.18031714402422 3.13333288968156 3.23066993940518 3.25362548773672 3.31469839990219 3.314153117564 3.33704129638861 3.37286452263298 3.36720367939063 3.38669173446335 3.40488701463675 3.42311867028725 3.40973102503134 3.45302998450828 3.45085314314336
2.68775895485491 2.80387515880181 2.90722337659373 2.87381918325182 2.97312687664951 2.99323764118032 3.05607518229474 3.05593650054551 3.08222990812953 3.1197622012946 3.11446415947364 3.12862718161642 3.14476476803857 3.16125523613979 3.14867507869642 3.18755016458845 3.18664308506075
2.32914947193087 2.44675008856711 2.55442935379306 2.53392819030578 2.63649626688003 2.6532494061844 2.71913252174101 2.71859467020616 2.74758392114241 2.78654759988154 2.78141604375136 2.79037503547007 2.80437492923633 2.8194283659539 2.80731091159974 2.84207056884452 2.84220128124213
1.97082343865285 2.09043872723081 2.20420561146147 2.1968686736632 2.30470832630617 2.3166082151066 2.38885738690073 2.38811286462969 2.4198907643022 2.4609383324733 2.4556737097596 2.45970139507669 2.4722744114548 2.48659390360589 2.47423734888086 2.50611253578764 2.50660207501586
1.65473499784732 1.77803369083384 1.89353152554427 1.90367131671654 2.01715710803719 2.01998417090373 2.10139717066672 2.1012183084417 2.13633189640153 2.18049470666977 2.17487812295504 2.17380150263117 2.18526403947177 2.19933154391024 2.18626917345963 2.21598095505176 2.21647559780585
NA 1.53161483515176 1.63988398573456 1.67829287500378 1.79891891592167 1.792314365651 1.88322009121272 1.88681281084034 1.92812549638317 1.97865634788843 1.97247173347444 1.96626848064686 1.97731228098349 1.99171368164374 1.97736947050635 2.00629863516123 2.00663744466232
NA NA 1.45009909576495 1.5289958083275 1.65987847063868 1.65173017813832 1.74797311959189 1.76004535724309 1.8139581584734 1.87558107592116 1.86855337742616 1.85712687432234 1.86922400769387 1.88470420764949 1.86833741815446 1.89886621871891 1.89916854040138
NA NA NA 1.44088648480374 1.58267957756288 1.58174137986842 1.67771918792061 1.69848482824219 1.77123481873902 1.84417268797447 1.83601382437601 1.81792435803677 1.83146385231278 1.84812639386477 1.82956081849116 1.86242536312229 1.86358959142485
NA NA NA NA 1.4951738721653 1.50380728224164 1.60345722720923 1.63023964509062 1.7255879936869 1.80715838763173 1.79715350456869 1.76963752381231 1.78401105302557 1.80186322100228 1.78086409588809 1.81552829129508 1.81838841192458
NA NA NA NA NA 1.40653127817192 1.53098963496952 1.56546994762731 1.684118916116 1.77396273123071 1.76016384086642 1.71757067227516 1.7327923693334 1.75329810766443 1.72840033945163 1.76565298794141 1.77046351924762
NA NA NA NA NA NA 1.52791025824769 1.57839843279245 1.71969623005211 1.82199183318958 1.80162216174592 1.73341642473317 1.74954194174818 1.77929490195338 1.74630102597208 1.7906504548053 1.7975682487564
NA NA NA NA NA NA NA 1.71032814707563 1.87524895590311 2.002819405619 1.9762886419699 1.87426554621962 1.89125935819245 1.93876661889729 1.89233166726573 1.95282911732545 1.96284933173616
NA NA NA NA NA NA NA NA 2.05777195720614 2.21951643327048 2.19299425710224 2.06044737679726 2.08156699497223 2.14194638183061 2.08211191840235 2.16562069297817 2.1810041692355
NA NA NA NA NA NA NA NA NA 2.29317192170553 2.27152857760743 2.11694801630908 2.14630293808835 2.20604666195443 2.13773264351626 2.24053272370482 2.2632969018255
NA NA NA NA NA NA NA NA NA NA 2.1444425931193 1.9726968138736 2.00786241007114 2.06118549593787 1.98860546281052 2.099437244013 2.12963300010439
NA NA NA NA NA NA NA NA NA NA NA 1.72212512708024 1.75923165252801 1.80844131724918 1.73472040631022 1.84619007859695 1.88201615816009
NA NA NA NA NA NA NA NA NA NA NA NA 1.54802814898064 1.60004360462244 1.52695645007249 1.64396203042047 1.68645657495756
NA NA NA NA NA NA NA NA NA NA NA NA NA 1.50626016187936 1.43312290011533 1.56738121507959 1.62412648272479
NA NA NA NA NA NA NA NA NA NA NA NA NA NA 1.39653016425252 1.54616720849717 1.62033517451861
NA NA NA NA NA NA NA NA NA NA NA NA NA NA NA 1.5179664641129 1.60117327961387
NA NA NA NA NA NA NA NA NA NA NA NA NA NA NA NA 1.58110480442529
